MATNR;STLAN;STLTY;STLNR;STLAL;STKOZ;DATUV;AENNR;LKENZ;LOEKZ;BMEIN;BMENG;CADKZ;LABOR;LTXSP;STKTX;LTXSP_ZTEXT;ZTEXT;STLST;WRKAN;ALEKZ;BASME;STLBE;XDELE;DATUB;AENRA;VGKZL
000000000000000025;3;M;00000114;01;00000001;20220602;;;;ST;1.000;;;;;;;01;2020;;;;;99991231;;
000000000000023058;3;M;00000115;01;00000001;20220602;;;;ST;1.000;;;;;;;01;2020;;;;;99991231;;
000000000000023145;1;M;00000068;01;00000001;20211026;;;;ST;1.000;;;;;;;01;;;;;;99991231;;
000000000000023930;3;M;00000058;01;00000001;20191212;;;;ST;1.000;;;;;;;01;;;;;;99991231;;
000000000000023933;5;M;00000071;01;00000001;20191212;;;;ST;1.000;;;;;;;01;;;;;;99991231;;
000000000000029972;1;M;00000067;01;00000001;20211026;;;;ST;1.000;;;;;;;01;;;;;;99991231;;
000000000000030870;3;M;00000061;01;00000001;20200812;;;;ST;1.000;;;;;;;01;;;;;;99991231;;
000000000000030871;3;M;00000062;01;00000001;20200812;;;;ST;1.000;;;;;;;01;;;;;;99991231;;
000000000000031352;1;M;00000064;01;00000001;20210728;;;;KG;200.000;;;;;;;01;1000;;;;;99991231;;
000000000000031353;1;M;00000065;01;00000001;20210728;;;;KG;1.000;;;;;;;01;1000;;;;;99991231;;
000000000000031354;1;M;00000063;01;00000001;20210728;;;;L;1.000;;;;;;Phenolharz;01;1000;;;;;99991231;;
000000000000031354;1;M;00000063;02;00000008;20220228;;;;L;1.000;;;;;;Phenolharz;01;1000;;;;;99991231;;
000000000000031361;1;M;00000066;01;00000001;20210728;;;;L;1.000;;;;;;;01;1000;;;;;99991231;;
000000000000031361;1;M;00000066;02;00000008;20220228;;;;L;1.000;;;;;;;01;1000;;;;;99991231;;
000000000000031461;1;M;00000069;01;00000001;20211026;;;;ST;1.000;;;;;;;01;;;;;;99991231;;
000000000000031462;1;M;00000070;01;00000001;20211026;;;;ST;1.000;;;;;;;01;;;;;;99991231;;
000000000000031636;1;M;00000074;01;00000001;20220228;;;;ST;1000.000;;;;;;;01;1000;;;;;99991231;;
000000000000031637;1;M;00000075;01;00000001;20220228;;;;ST;1000.000;;;;;;;01;1000;;;;;99991231;;
000000000000031637;1;M;00000075;02;00000010;20260210;;;;ST;1.000;;;;;;;01;1000;;;;;99991231;;
000000000000031638;1;M;00000076;01;00000001;20220228;;;;ST;1000.000;;;;;;;01;1000;;;;;99991231;;
000000000000031639;1;M;00000077;01;00000001;20220228;;;;ST;1000.000;;;;;;;01;1000;;;;;99991231;;
000000000000031640;1;M;00000078;01;00000001;20220228;;;;ST;1000.000;;;;;;;01;1000;;;;;99991231;;
000000000000031641;1;M;00000079;01;00000001;20220228;;;;ST;1000.000;;;;;;;01;1000;;;;;99991231;;
000000000000031642;1;M;00000080;01;00000001;20220228;;;;ST;1000.000;;;;;;;01;1000;;;;;99991231;;
000000000000031643;1;M;00000081;01;00000001;20220228;;;;ST;1000.000;;;;;;;01;1000;;;;;99991231;;
000000000000031644;1;M;00000082;01;00000001;20220228;;;;ST;1000.000;;;;;;;01;1000;;;;;99991231;;
000000000000031644;1;M;00000145;01;00000001;20240202;;;;ST;100000000.000;;;;;;;01;;;;;;99991231;;
000000000000031645;1;M;00000083;01;00000001;20220228;;;;ST;1000.000;;;;;;;01;1000;;;;;99991231;;
000000000000031645;1;M;00000146;01;00000001;20240202;;;;ST;100000000.000;;;;;;;01;;;;;;99991231;;
000000000000031645;1;M;00000146;02;00000002;20240202;;;;ST;1.000;;;;;;;01;;;;;;99991231;;
000000000000031646;1;M;00000084;01;00000001;20220228;;;;ST;1000.000;;;;;;;01;1000;;;;;99991231;;
000000000000031647;1;M;00000085;01;00000001;20220228;;;;ST;1000.000;;;;;;;01;1000;;;;;99991231;;
000000000000031648;1;M;00000086;01;00000001;20220228;;;;ST;1000.000;;;;;;;01;1000;;;;;99991231;;
000000000000031649;1;M;00000087;01;00000001;20220228;;;;ST;1000.000;;;;;;;01;1000;;;;;99991231;;
000000000000031650;1;M;00000088;01;00000001;20220228;;;;ST;1000.000;;;;;;;01;1000;;;;;99991231;;
000000000000031651;1;M;00000089;01;00000001;20220228;;;;ST;1000.000;;;;;;;01;1000;;;;;99991231;;
000000000000031652;1;M;00000090;01;00000001;20220228;;;;ST;1000.000;;;;;;;01;1000;;;;;99991231;;
000000000000031653;1;M;00000091;01;00000001;20220228;;;;ST;1000.000;;;;;;;01;1000;;;;;99991231;;
000000000000031654;1;M;00000092;01;00000001;20220228;;;;ST;1000.000;;;;;;;01;1000;;;;;99991231;;
000000000000031655;1;M;00000093;01;00000001;20220228;;;;ST;1000.000;;;;;;;01;1000;;;;;99991231;;
000000000000031656;1;M;00000094;01;00000001;20220228;;;;ST;1000.000;;;;;;;01;1000;;;;;99991231;;
000000000000031657;1;M;00000095;01;00000001;20220228;;;;ST;1000.000;;;;;;;01;1000;;;;;99991231;;
000000000000031779;1;M;00000096;01;00000001;20220329;;;;ST;1.000;;;;;;;01;;;;;;99991231;;
000000000000031781;1;M;00000097;01;00000001;20220329;;;;ST;1.000;;;;;;;01;1000;;;;;99991231;;
000000000000031782;1;M;00000098;01;00000001;20220329;;;;ST;100.000;;;;;;;01;1000;;;;;99991231;;
000000000000031783;1;M;00000099;01;00000001;20220329;;;;ST;100.000;;;;;;;01;1000;;;;;99991231;;
000000000000031784;1;M;00000100;01;00000001;20220329;;;;ST;100.000;;;;;;;01;1000;;;;;99991231;;
000000000000031806;1;M;00000101;01;00000001;20220413;;;;ST;1.000;;;;;;;01;1000;;;;;99991231;;
000000000000031808;1;M;00000102;01;00000001;20220413;;;;ST;1.000;;;;;;;01;1000;;;;;99991231;;
000000000000031812;1;M;00000103;01;00000001;20220413;;;;ST;1.000;;;;;;;01;;;;;;99991231;;
000000000000031814;1;M;00000104;01;00000001;20220414;;;;ST;1000.000;;;;;;FROSCH GRANATAPFEL WASCHMITTEL 1,8 L A;01;2000;;;;;99991231;;
000000000000031824;1;M;00000105;01;00000001;20220414;;;;KG;1000.000;;;;;;FROSCH GRANATAPFEL WASCHMITTEL D;01;2000;;;;;99991231;;
000000000000031844;1;M;00000106;01;00000001;20220414;;;;ST;1.000;;;;;;;01;1000;;;;;99991231;;
000000000000031996;1;M;00000107;01;00000001;20220501;;;;ST;100000.000;;;;;;;01;1000;;;;;99991231;;
000000000000031997;1;M;00000108;01;00000001;20220501;;;;ST;100000.000;;;;;;;01;1000;;;;;99991231;;
000000000000032000;1;M;00000109;01;00000001;20220502;;;;ST;100000.000;;;;;;;01;1000;;;;;99991231;;
000000000000032001;1;M;00000110;01;00000001;20220502;;;;ST;100000.000;;;;;;;01;1000;;;;;99991231;;
000000000000032022;1;M;00000111;01;00000001;20220509;;;;ST;100000.000;;;;;;;01;1000;;;;;99991231;;
000000000000032025;1;M;00000112;01;00000001;20220511;;;;ST;100000.000;;;;;;;01;1000;;;;;99991231;;
000000000000032026;1;M;00000113;01;00000001;20220511;;;;ST;100000.000;;;;;;;01;1000;;;;;99991231;;
000000000000032036;1;M;00000116;01;00000001;20220603;;;;ST;100000.000;;;;;;;01;;;;;;99991231;;
000000000000032038;3;M;00000117;01;00000001;20220614;;;;ST;1.000;;;;;;;01;;;;;;99991231;;
000000000000032039;3;M;00000118;01;00000001;20220614;;;;ST;1.000;;;;;;;01;;;;;;99991231;;
000000000000032040;3;M;00000119;01;00000001;20220614;;;;ST;1.000;;;;;;;01;;;;;;99991231;;
000000000000032042;1;M;00000120;01;00000001;20220614;;;;ST;100000.000;;;;;;;01;;;;;;99991231;;
000000000000032079;1;M;00000129;01;00000001;20221229;;;;ST;100000.000;;;;;;;01;;;;;;99991231;;
000000000000032139;1;M;00000121;01;00000001;20220802;;;;ST;1.000;;;;;;;01;;;;;;99991231;;
000000000000032145;1;M;00000122;01;00000001;20220802;;;;ST;100000.000;;;;;;;01;;;;;;99991231;;
000000000000032146;1;M;00000123;01;00000001;20220802;;;;ST;1.000;;;;;;;01;;;;;;99991231;;
000000000000032191;1;M;00000124;01;00000001;20220824;;;;ST;100000.000;;;;;;;01;;;;;;99991231;;
000000000000032193;1;M;00000125;01;00000001;20220824;;;;ST;100000.000;;;;;;;01;;;;;;99991231;;
000000000000032194;1;M;00000126;01;00000001;20220824;;;;ST;100000.000;;;;;;;01;;;;;;99991231;;
000000000000032235;1;M;00000127;01;00000001;20221025;;;;ST;100000.000;;;;;;;01;;;;;;99991231;;
000000000000032236;1;M;00000128;01;00000001;20221025;;;;ST;100000.000;;;;;;;01;;;;;;99991231;;
000000000000032267;1;M;00000130;01;00000001;20230111;;;;ST;100000.000;;;;;;;01;;;;;;99991231;;
000000000000032356;1;M;00000131;01;00000001;20230502;;;;ST;100000.000;;;;;;;01;;;;;;99991231;;
000000000000032616;1;M;00000132;01;00000001;20240118;;;;ST;100000.000;;;;;;;01;;;;;;99991231;;
000000000000032617;1;M;00000133;01;00000001;20240118;;;;ST;100000.000;;;;;;;01;;;;;;99991231;;
000000000000032617;1;M;00000133;02;00000004;20240118;;;;ST;100000.000;;;;;;;01;;;;;;99991231;;
000000000000032618;1;M;00000134;01;00000001;20240118;;;;ST;100000.000;;;;;;;01;;;;;;99991231;;
000000000000032618;1;M;00000134;02;00000004;20240118;;;;ST;100000.000;;;;;;;01;;;;;;99991231;;
000000000000032619;1;M;00000135;01;00000001;20240118;;;;ST;100000.000;;;;;;;01;;;;;;99991231;;
000000000000032619;1;M;00000135;02;00000004;20240118;;;;ST;100000.000;;;;;;;01;;;;;;99991231;;
000000000000032620;1;M;00000136;01;00000001;20240118;;;;ST;100000.000;;;;;;;01;;;;;;99991231;;
000000000000032620;1;M;00000136;02;00000004;20240118;;;;ST;100000.000;;;;;;;01;;;;;;99991231;;
000000000000032621;1;M;00000137;01;00000001;20240118;;;;ST;100000.000;;;;;;;01;;;;;;99991231;;
000000000000032621;1;M;00000137;02;00000004;20240118;;;;ST;100000.000;;;;;;;01;;;;;;99991231;;
000000000000032622;1;M;00000138;01;00000001;20240118;;;;ST;100000.000;;;;;;;01;;;;;;99991231;;
000000000000032622;1;M;00000138;02;00000004;20240118;;;;ST;100000.000;;;;;;;01;;;;;;99991231;;
000000000000032623;1;M;00000139;01;00000001;20240118;;;;ST;100000.000;;;;;;;01;;;;;;99991231;;
000000000000032623;1;M;00000139;02;00000004;20240118;;;;ST;100000.000;;;;;;;01;;;;;;99991231;;
000000000000032624;1;M;00000140;01;00000001;20240118;;;;ST;100000.000;;;;;;;01;;;;;;99991231;;
000000000000032624;1;M;00000140;02;00000004;20240118;;;;ST;100000.000;;;;;;;01;;;;;;99991231;;
000000000000032625;1;M;00000141;01;00000001;20240118;;;;ST;100000.000;;;;;;;01;;;;;;99991231;;
000000000000032625;1;M;00000141;02;00000004;20240118;;;;ST;100000.000;;;;;;;01;;;;;;99991231;;
000000000000032626;1;M;00000142;01;00000001;20240118;;;;ST;100000.000;;;;;;;01;;;;;;99991231;;
000000000000032626;1;M;00000142;02;00000004;20240118;;;;ST;100000.000;;;;;;;01;;;;;;99991231;;
000000000000032627;1;M;00000143;01;00000001;20240118;;;;ST;100000.000;;;;;;;01;;;;;;99991231;;
000000000000032629;1;M;00000144;01;00000001;20240118;;;;ST;100000.000;;;;;;;01;;;;;;99991231;;
000000000000032632;1;M;00000147;01;00000001;20240202;;;;ST;1.000;;;;;;;01;1000;;;;;99991231;;
000000000000032632;1;M;00000148;01;00000001;20240202;;;;ST;1.000;;;;;;;01;;;;;;99991231;;
000000000000032633;1;M;00000149;01;00000001;20240202;;;;ST;1.000;;;;;;;01;1000;;;;;99991231;;
000000000000032633;1;M;00000150;01;00000001;20240202;;;;ST;1.000;;;;;;;01;;;;;;99991231;;
000000000000032635;1;M;00000151;01;00000001;20240202;;;;ST;1.000;;;;;;;01;1000;;;;;99991231;;
000000000000032977;1;M;00000152;01;00000001;20240429;;;;M;1.000;;;;;;;01;1000;;;;;99991231;;
000000000000033677;1;M;00000153;01;00000001;20250221;;;;ST;100000.000;;;;;;;01;;;;;;99991231;;
000000000000033678;1;M;00000154;01;00000001;20250221;;;;ST;100000.000;;;;;;;01;;;;;;99991231;;
000000000000034038;1;M;00000161;01;00000001;20250924;;;;ST;100000.000;;;;;;;01;;;;;;99991231;;
000000000000034211;1;M;00000163;01;00000001;20260217;;;;ST;1.000;;;;;;;01;1000;;;;;99991231;;
000000000000034241;5;M;00000169;01;00000001;20260421;;;;ST;1.000;;;;;;;01;;;;;;99991231;;
000000000000034280;5;M;00000166;01;00000001;20260420;;;;ST;1.000;;;;;;;01;;;;;;99991231;;
000000000000034301;5;M;00000165;01;00000001;20260420;;;;ST;1.000;;;;;;;01;;;;;;99991231;;
000000000000034302;5;M;00000164;01;00000001;20260420;;;;ST;1.000;;;;;;;01;;;;;;99991231;;
000000000000034303;5;M;00000167;01;00000001;20260420;;;;ST;1.000;;;;;;;01;;;;;;99991231;;
000000000000034303;5;M;00000167;02;00000002;20260420;;;;ST;1.000;;;;;;;01;;;;;;99991231;;
000000000000034304;5;M;00000168;01;00000001;20260421;;;;ST;1.000;;;;;;;01;;;;;;99991231;;
000000000000034305;5;M;00000170;01;00000001;20260421;;;;ST;1.000;;;;;;;01;;;;;;99991231;;
000000000000034307;1;M;00000171;01;00000001;20260421;;;;M;1.000;;;;;;;01;1000;;;;;99991231;;
000000000000034309;5;M;00000172;01;00000001;20260422;;;;ST;1.000;;;;;;;01;;;;;;99991231;;
000000000000034313;5;M;00000173;01;00000001;20260422;;;;ST;1.000;;;;;;;01;;;;;;99991231;;
000000000000034314;5;M;00000174;01;00000001;20260422;;;;ST;1.000;;;;;;;01;;;;;;99991231;;
000000000000034318;5;M;00000175;01;00000001;20260424;;;;ST;1.000;;;;;;;01;;;;;;99991231;;
000000000000034320;5;M;00000176;01;00000001;20260424;;;;ST;1.000;;;;;;;01;;;;;;99991231;;
000000000000034321;5;M;00000177;01;00000001;20260424;;;;ST;1.000;;;;;;;01;;;;;;99991231;;
000000000000034323;5;M;00000178;01;00000001;20260424;;;;ST;1.000;;;;;;;01;;;;;;99991231;;
000000000000034333;5;M;00000179;01;00000001;20260427;;;;ST;1.000;;;;;;;01;;;;;;99991231;;
000000000000034334;5;M;00000180;01;00000001;20260427;;;;ST;1.000;;;;;;;01;;;;;;99991231;;
000000000000034335;5;M;00000181;01;00000001;20260427;;;;ST;1.000;;;;;;;01;;;;;;99991231;;
000000000000034337;5;M;00000182;01;00000001;20260427;;;;ST;1.000;;;;;;;01;;;;;;99991231;;
000000000000034338;5;M;00000183;01;00000001;20260427;;;;ST;1.000;;;;;;;01;;;;;;99991231;;
000000000000034339;5;M;00000184;01;00000001;20260427;;;;ST;1.000;;;;;;;01;;;;;;99991231;;
000000000000034340;5;M;00000185;01;00000001;20260427;;;;ST;1.000;;;;;;;01;;;;;;99991231;;
000000000000034372;5;M;00000186;01;00000001;20260429;;;;ST;1.000;;;;;;;01;;;;;;99991231;;
000000000000034682;5;M;00000188;01;00000001;20260826;;;;ST;1.000;;;;;;;01;;;;;;99991231;;
A125255.005.0;3;M;00000059;01;00000001;20200810;;;;ST;1.000;;;;;;;01;;;;;;99991231;;
A125255.005.1;3;M;00000060;01;00000001;20200812;;;;ST;1.000;;;;;;;01;;;;;;99991231;;
CM-FL-V00;1;M;00000021;01;00000001;20060101;;;;ST;1.000;;;;;;;01;1710;;;;;99991231;;
CM-FL-V00;1;M;00000050;01;00000001;20060101;;;;ST;1.000;;;;;;;01;1010;;;;;99991231;;
CM-FL-V01;1;M;00000056;01;00000001;20171030;;;;ST;1.000;;;;;;;01;1710;;;;;99991231;;
EWMS4-50;1;M;00000022;01;00000001;20170101;;;;ST;1.000;;;;;;;01;1710;;;;;99991231;;
EWMS4-50;1;M;00000051;01;00000001;20170101;;;;ST;1.000;;;;;;;01;1010;;;;;99991231;;
F-10A;1;M;00000023;01;00000001;20060101;;;;ST;100.000;;;;;;;01;1710;;;;;99991231;;
F-10A;1;M;00000052;01;00000001;20060101;;;;ST;100.000;;;;;;;01;1010;;;;;99991231;;
F-10B;1;M;00000024;01;00000001;20060101;;;;ST;100.000;;;;;;;01;1710;;;;;99991231;;
F-10B;1;M;00000053;01;00000001;20060101;;;;ST;100.000;;;;;;;01;1010;;;;;99991231;;
FG126;1;M;00000007;01;00000004;20060101;;;;ST;100.000;;;;;;;01;1710;;;;;99991231;;
FG126;1;M;00000007;02;00000025;20171017;CM001;;;ST;1.000;;;;;;;01;1710;;;;;99991231;;
FG126;1;M;00000007;99;00000001;20060101;;;;ST;1.000;;;;;;;01;1710;;;;;99991231;;
FG126;1;M;00000038;01;00000001;20060101;;;;ST;100.000;;;;;;;01;1010;;;;;99991231;;
FG126;1;M;00000038;99;00000022;20060101;;;;ST;1.000;;;;;;;01;1010;;;;;99991231;;
FG126;2;M;00000036;01;00000001;20171010;CN001;;;ST;1.000;;;;;;;01;;;;;;99991231;;
FG129;1;M;00000013;01;00000001;20060101;;;;ST;100.000;;;;;;;01;1710;;;;;99991231;;
FG129;1;M;00000049;01;00000001;20060101;;;;ST;100.000;;;;;;;01;1010;;;;;99991231;;
FG226;1;M;00000004;01;00000001;20070101;;;;ST;100.000;;;;;;;01;1710;;;;;99991231;;
FG226;1;M;00000042;01;00000001;20070101;;;;ST;100.000;;;;;;;01;1010;;;;;99991231;;
FG226;2;M;00000014;01;00000001;20070101;;;;ST;100.000;;;;;;;01;;;;;;99991231;;
FG233;1;M;00000010;01;00000001;20060101;;;;ST;100.000;;;;;;;01;1710;;;;;99991231;;
FG233;1;M;00000046;01;00000001;20060101;;;;ST;100.000;;;;;;;01;1010;;;;;99991231;;
FG233;1;M;00000046;02;00000010;20060101;;;;ST;100.000;;;;;;;01;1010;;;;;99991231;;
FG29;1;M;00000002;01;00000001;20070101;;;;BOT;1000.000;;;;;;;01;1710;;;;;99991231;;
FG29;1;M;00000040;01;00000001;20070101;;;;BOT;1000.000;;;;;;;01;1010;;;;;99991231;;
FG29;1;M;00000162;02;00000001;20251112;;;;BOT;1.000;;;;;;;01;;;;;;99991231;;
FG29;2;M;00000015;01;00000001;20070101;;;;BOT;1000.000;;;;;;;01;;;;;;99991231;;
FG29;2;M;00000015;02;00000008;20251112;;;;BOT;1.000;;;;;;;01;;;;;;99991231;;
MZ-FG-C900;1;M;00000027;01;00000001;20170101;;;;ST;100000.000;;;;;;;01;1710;;;;;99991231;;
MZ-FG-C950;1;M;00000028;01;00000001;20170101;;;;ST;100000.000;;;;;;;01;1710;;;;;99991231;;
MZ-FG-C990;1;M;00000029;01;00000001;20170101;;;;ST;100000.000;;;;;;;01;1710;;;;;99991231;;
MZ-FG-M500;1;M;00000030;01;00000001;20170101;;;;ST;100000.000;;;;;;;01;1710;;;;;99991231;;
MZ-FG-M525;1;M;00000031;01;00000001;20170101;;;;ST;100000.000;;;;;;;01;1710;;;;;99991231;;
MZ-FG-M550;1;M;00000032;01;00000001;20170101;;;;ST;100000.000;;;;;;;01;1710;;;;;99991231;;
MZ-FG-R100;1;M;00000033;01;00000001;20170101;;;;ST;100000.000;;;;;;;01;1710;;;;;99991231;;
MZ-FG-R200;1;M;00000034;01;00000001;20170101;;;;ST;100000.000;;;;;;;01;1710;;;;;99991231;;
MZ-FG-R300;1;M;00000035;01;00000001;20170101;;;;ST;100000.000;;;;;;;01;1710;;;;;99991231;;
S-201;1;M;00000025;01;00000001;20060101;;;;ST;100.000;;;;;;;01;1710;;;;;99991231;;
S-201;1;M;00000054;01;00000001;20060101;;;;ST;100.000;;;;;;;01;1010;;;;;99991231;;
S-301;1;M;00000026;01;00000001;20060101;;;;ST;100.000;;;;;;;01;1710;;;;;99991231;;
S-301;1;M;00000055;01;00000001;20060101;;;;ST;100.000;;;;;;;01;1010;;;;;99991231;;
SG124;1;M;00000008;01;00000001;20060101;;;;ST;100.000;;;;;;;01;1710;;;;;99991231;;
SG124;1;M;00000039;01;00000001;20060101;;;;ST;100.000;;;;;;;01;1010;;;;;99991231;;
SG21;1;M;00000006;01;00000001;20070101;;;;ST;1000.000;;;;;;;01;1710;;;;;99991231;;
SG21;1;M;00000044;01;00000001;20070101;;;;ST;1000.000;;;;;;;01;1010;;;;;99991231;;
SG21;2;M;00000019;01;00000001;20070101;;;;ST;1000.000;;;;;;;01;;;;;;99991231;;
SG22;1;M;00000001;01;00000001;20060101;;;;ST;100.000;;;;;;;01;1710;;;;;99991231;;
SG22;1;M;00000037;01;00000001;20060101;;;;ST;100.000;;;;;;;01;1010;;;;;99991231;;
SG22;2;M;00000018;01;00000001;20060101;;;;ST;100.000;;;;;;;01;;;;;;99991231;;
SG224;1;M;00000005;01;00000001;20070101;;;;ST;100.000;;;;;;;01;1710;;;;;99991231;;
SG224;1;M;00000043;01;00000001;20070101;;;;ST;100.000;;;;;;;01;1010;;;;;99991231;;
SG224;2;M;00000016;01;00000001;20070101;;;;ST;100.000;;;;;;;01;;;;;;99991231;;
SG23;1;M;00000009;01;00000001;20060101;;;;ST;100.000;;;;;;;01;1710;;;;;99991231;;
SG23;1;M;00000045;01;00000001;20060101;;;;ST;100.000;;;;;;;01;1010;;;;;99991231;;
SG23;2;M;00000020;01;00000001;20060101;;;;ST;100.000;;;;;;;01;;;;;;99991231;;
SG233;1;M;00000011;01;00000001;20060101;;;;ST;100.000;;;;;;;01;1710;;;;;99991231;;
SG233;1;M;00000047;01;00000001;20060101;;;;ST;100.000;;;;;;;01;1010;;;;;99991231;;
SG24;1;M;00000003;01;00000001;20070101;;;;CCM;10000.000;;;;;;;01;1710;;;;;99991231;;
SG24;1;M;00000041;01;00000001;20070101;;;;CCM;10000.000;;;;;;;01;1010;;;;;99991231;;
SG24;2;M;00000017;01;00000001;20070101;;;;CCM;10000.000;;;;;;;01;;;;;;99991231;;
SG29;1;M;00000012;01;00000001;20060101;;;;ST;100.000;;;;;;;01;1710;;;;;99991231;;
SG29;1;M;00000048;01;00000001;20060101;;;;ST;100.000;;;;;;;01;1010;;;;;99991231;;
T-F105;1;M;00000155;01;00000001;20250508;;;;ST;1.000;;;;;;;01;1000;;;;;99991231;;
T-F105;1;M;00000158;01;00000001;20250509;;;;ST;1.000;;;;;;;01;1010;;;;;99991231;;
T-S105;1;M;00000156;01;00000001;20250508;;;;ST;1.000;;;;;;;01;1000;;;;;99991231;;
T-S105;1;M;00000159;01;00000001;20250509;;;;ST;1.000;;;;;;;01;1010;;;;;99991231;;
T-S205;1;M;00000157;01;00000001;20250508;;;;ST;1.000;;;;;;;01;1000;;;;;99991231;;
T-S205;1;M;00000160;01;00000001;20250509;;;;ST;1.000;;;;;;;01;1010;;;;;99991231;;
TFI_100007;5;M;00000187;01;00000001;20260819;;;;ST;1.000;;;;;;;01;1000;;;;;99991231;;
